0	9.3643
0.0178	9.3511
0.0237	9.3379
0.0296	9.3247
0.0355	9.3115
0.0414	9.2983
0.04728	9.2851
0.05318	9.2719
0.0591	9.2587
0.065	9.2455
0.0709	9.2323
0.0768	9.2191
0.0827	9.2058
0.0886	9.1926
0.0945	9.1794
0.1003	9.1662
0.1062	9.1529
0.1121	9.1397
0.118	9.1264
0.1239	9.1132
0.1298	9.0999
0.1357	9.0867
0.1416	9.0734
0.1475	9.0602
0.1534	9.0469
0.1593	9.0336
0.1652	9.0204
0.1711	9.0071
0.177	8.9938
0.1829	8.9805
0.1888	8.9673
0.1947	8.954
0.2006	8.9407
0.2065	8.9274
0.2124	8.9141
0.2183	8.9008
0.2242	8.8875
0.2301	8.8742
0.236	8.8609
0.2419	8.8476
0.2478	8.8343
0.2536	8.8209
0.2595	8.8076
0.2654	8.7943
0.2713	8.781
0.2772	8.7677
0.2831	8.7543
0.289	8.741
0.2949	8.7277
0.3008	8.7143
0.3067	8.701
0.3126	8.6877
0.3185	8.6743
0.3244	8.661
0.3303	8.6476
0.3362	8.6343
0.3421	8.6209
0.348	8.6076
0.3539	8.5942
0.3598	8.5809
0.3657	8.5675
0.3716	8.5541
0.3775	8.5408
0.3834	8.5274
0.3893	8.514
0.3952	8.5007
0.4011	8.4873
0.407	8.4739
0.4129	8.4605
0.4188	8.4472
0.4247	8.4338
0.4305	8.4204
0.4364	8.407
0.4423	8.3936
0.4482	8.3802
0.4541	8.3668
0.46	8.3535
0.4659	8.3401
0.4718	8.3267
0.4777	8.3133
0.4836	8.2999
0.4895	8.2865
0.4954	8.2731
0.5013	8.2597
0.5072	8.2463
0.5131	8.2329
0.519	8.2195
0.5249	8.2061
0.5308	8.1926
0.5367	8.1792
0.5426	8.1658
0.5485	8.1524
0.5544	8.139
0.5603	8.1256
0.5662	8.1122
0.5721	8.0988
0.578	8.0853
0.5839	8.0719
0.5898	8.0585
0.5957	8.0451
0.6016	8.0317
0.6075	8.0182
0.6134	8.0048
0.6192	7.9914
0.6251	7.978
0.631	7.9645
0.6369	7.9511
0.6428	7.9377
0.6487	7.9243
0.6546	7.9108
0.6605	7.8974
0.6664	7.884
0.6723	7.8705
0.6782	7.8571
0.6841	7.8437
0.69	7.8303
0.6959	7.8168
0.7018	7.8034
0.7077	7.79
0.7136	7.7765
0.7195	7.7631
0.7254	7.7497
0.7313	7.7362
0.7372	7.7228
0.7431	7.7094
0.749	7.6959
0.7549	7.6825
0.7608	7.6691
0.7667	7.6556
0.7726	7.6422
0.7785	7.6288
0.7844	7.6153
0.7903	7.6019
0.7962	7.5885
0.8021	7.575
0.808	7.5616
0.8139	7.5482
0.8198	7.5347
0.8256	7.5213
0.8315	7.5079
0.8374	7.4944
0.8433	7.481
0.8492	7.4676
0.8551	7.4541
0.861	7.4407
0.8669	7.4273
0.8728	7.4138
0.8787	7.4004
0.8846	7.387
0.8905	7.3736
0.8964	7.3601
0.9023	7.3467
0.9082	7.3333
0.9141	7.3199
0.92	7.3064
0.9259	7.293
0.9318	7.2796
0.9377	7.2662
0.9436	7.2527
0.9495	7.2393
0.9554	7.2259
0.9613	7.2125
0.9672	7.1991
0.9731	7.1857
0.979	7.1722
0.9849	7.1588
0.9908	7.1454
0.9967	7.132
1.0026	7.1186
1.0085	7.1052
1.0144	7.0918
1.0202	7.0784
1.0261	7.065
1.032	7.0516
1.0379	7.0382
1.0438	7.0248
1.0497	7.0114
1.0556	6.998
1.0615	6.9846
1.0674	6.9712
1.0733	6.9578
1.0792	6.9444
1.0851	6.931
1.091	6.9176
1.0969	6.9042
1.1028	6.8909
1.1087	6.8775
1.1146	6.8641
1.1205	6.8507
1.1264	6.8373
1.1323	6.824
1.1382	6.8106
1.1441	6.7972
1.15	6.7838
1.1559	6.7705
1.1618	6.7571
1.1677	6.7438
1.1736	6.7304
1.1795	6.717
1.1854	6.7037
1.1913	6.6903
1.1972	6.677
1.2031	6.6636
1.2089	6.6503
1.2148	6.6369
1.2207	6.6236
1.2266	6.6102
1.2325	6.5969
1.2384	6.5836
1.2443	6.5702
1.2502	6.5569
1.2561	6.5436
1.262	6.5303
1.2679	6.5169
1.2738	6.5036
1.2797	6.4903
1.2856	6.477
1.2915	6.4637
1.2974	6.4504
1.3033	6.4371
1.3092	6.4237
1.3151	6.4104
1.321	6.3971
1.3269	6.3839
1.3328	6.3706
1.3387	6.3573
1.3446	6.344
1.3505	6.3307
1.3564	6.3174
1.3623	6.3041
1.3682	6.2909
1.374	6.2776
1.3799	6.2643
1.3858	6.2511
1.3917	6.2378
1.3976	6.2246
1.4035	6.2113
1.4094	6.1981
1.4153	6.1848
1.4212	6.1716
1.4271	6.1583
1.433	6.1451
1.4389	6.1319
1.4448	6.1186
1.4507	6.1054
1.4566	6.0922
1.4625	6.079
1.4684	6.0657
1.4743	6.0525
1.4802	6.0393
1.4861	6.0261
1.492	6.0129
1.4979	5.9997
1.5038	5.9865
1.5097	5.9733
1.5156	5.9602
1.5214	5.947
1.5273	5.9338
1.5332	5.9206
1.5391	5.9075
1.545	5.8943
1.5509	5.8811
1.5568	5.868
1.5627	5.8548
1.5686	5.8417
1.5745	5.8285
1.5804	5.8154
1.5863	5.8023
1.5922	5.7891
1.5981	5.776
1.604	5.7629
1.6099	5.7498
1.6158	5.7367
1.6217	5.7235
1.6276	5.7104
1.6335	5.6973
1.6394	5.6842
1.6453	5.6712
1.6512	5.6581
1.657	5.645
1.6629	5.6319
1.6688	5.6188
1.6747	5.6058
1.6806	5.5927
1.6865	5.5797
1.6924	5.5666
1.6983	5.5536
1.7042	5.5405
1.7101	5.5275
1.716	5.5144
1.7219	5.5014
1.7278	5.4884
1.7337	5.4754
1.7396	5.4624
1.7455	5.4494
1.7514	5.4364
1.7573	5.4234
1.7632	5.4104
1.7691	5.3974
1.7749	5.3844
1.7808	5.3714
1.7867	5.3585
1.7926	5.3455
1.7985	5.3325
1.8044	5.3196
1.8103	5.3066
1.8162	5.2937
1.8221	5.2807
1.828	5.2678
1.8339	5.2549
1.8398	5.242
1.8457	5.2291
1.8516	5.2161
1.8575	5.2032
1.8634	5.1903
1.8693	5.1775
1.8751	5.1646
1.881	5.1517
1.8869	5.1388
1.8928	5.1259
1.8987	5.1131
1.9046	5.1002
1.9105	5.0874
1.9164	5.0745
1.9223	5.0617
1.9282	5.0489
1.9341	5.036
1.94	5.0232
1.9459	5.0104
1.9518	4.9976
1.9577	4.9848
1.9636	4.972
1.9695	4.9592
1.9753	4.9464
1.9812	4.9337
1.9871	4.9209
1.993	4.9081
1.9989	4.8954
2.0048	4.8826
2.0107	4.8699
2.0166	4.8571
2.0225	4.8444
2.0284	4.8317
2.0343	4.819
2.0402	4.8063
2.0461	4.7936
2.052	4.7809
2.0579	4.7682
2.0637	4.7555
2.0696	4.7428
2.0755	4.7301
2.0814	4.7175
2.0873	4.7048
2.0932	4.6922
2.0991	4.6795
2.105	4.6669
2.1109	4.6543
2.1168	4.6417
2.1227	4.629
2.1286	4.6164
2.1345	4.6038
2.1404	4.5912
2.1462	4.5787
2.1521	4.5661
2.158	4.5535
2.1639	4.541
2.1698	4.5284
2.1757	4.5159
2.1816	4.5033
2.1875	4.4908
2.1934	4.4783
2.1993	4.4657
2.2052	4.4532
2.2111	4.4407
2.2169	4.4282
2.2228	4.4157
2.2287	4.4033
2.2346	4.3908
2.2405	4.3783
2.2464	4.3659
2.2523	4.3534
2.2582	4.341
2.2641	4.3286
2.27	4.3161
2.2759	4.3037
2.2818	4.2913
2.2876	4.2789
2.2935	4.2665
2.2994	4.2541
2.3053	4.2418
2.3112	4.2294
2.3171	4.217
2.323	4.2047
2.3289	4.1923
2.3348	4.18
2.3407	4.1677
2.3466	4.1554
2.3525	4.143
2.3583	4.1307
2.3642	4.1184
2.3701	4.1062
2.376	4.0939
2.3819	4.0816
2.3878	4.0694
2.3937	4.0571
2.3996	4.0449
2.4055	4.0326
2.4114	4.0204
2.4172	4.0082
2.4231	3.996
2.429	3.9838
2.4349	3.9716
2.4408	3.9594
2.4467	3.9472
2.4526	3.9351
2.4585	3.9229
2.4644	3.9108
2.4703	3.8986
2.4761	3.8865
2.482	3.8744
2.4879	3.8623
2.4938	3.8502
2.4997	3.8381
2.5056	3.826
2.5115	3.8139
2.5174	3.8019
2.5233	3.7898
2.5292	3.7778
2.535	3.7657
2.5409	3.7537
2.5468	3.7417
2.5527	3.7297
2.5586	3.7177
2.5645	3.7057
2.5704	3.6937
2.5763	3.6818
2.5822	3.6698
2.588	3.6578
2.5939	3.6459
2.5998	3.634
2.6057	3.6221
2.6116	3.6101
2.6175	3.5982
2.6234	3.5863
2.6293	3.5745
2.6352	3.5626
2.641	3.5507
2.6469	3.5389
2.6528	3.527
2.6587	3.5152
2.6646	3.5034
2.6705	3.4916
2.6764	3.4798
2.6823	3.468
2.6881	3.4562
2.694	3.4444
2.6999	3.4327
2.7058	3.4209
2.7117	3.4092
2.7176	3.3974
2.7235	3.3857
2.7294	3.374
2.7352	3.3623
2.7411	3.3506
2.747	3.3389
2.7529	3.3273
2.7588	3.3156
2.7647	3.304
2.7706	3.2923
2.7765	3.2807
2.7823	3.2691
2.7882	3.2575
2.7941	3.2459
2.8	3.2343
2.8059	3.2227
2.8118	3.2112
2.8177	3.1996
2.8235	3.1881
2.8294	3.1765
2.8353	3.165
2.8412	3.1535
2.8471	3.142
2.853	3.1305
2.8589	3.1191
2.8648	3.1076
2.8706	3.0961
2.8765	3.0847
2.8824	3.0733
2.8883	3.0619
2.8942	3.0504
2.9001	3.039
2.9059	3.0277
2.9118	3.0163
2.9177	3.0049
2.9236	2.9936
2.9295	2.9822
2.9354	2.9709
2.9413	2.9596
2.9471	2.9483
2.953	2.937
2.9589	2.9257
2.9648	2.9144
2.9707	2.9032
2.9766	2.8919
2.9825	2.8807
2.9883	2.8695
2.9942	2.8583
3.0001	2.8471
3.006	2.8359
3.0119	2.8247
3.0178	2.8135
3.0236	2.8024
3.0295	2.7912
3.0354	2.7801
3.0413	2.769
3.0472	2.7579
3.0531	2.7468
3.0589	2.7357
3.0648	2.7246
3.0707	2.7136
3.0766	2.7025
3.0825	2.6915
3.0884	2.6805
3.0942	2.6695
3.1001	2.6585
3.106	2.6475
3.1119	2.6365
3.1178	2.6256
3.1237	2.6146
3.1295	2.6037
3.1354	2.5928
3.1413	2.5819
3.1472	2.571
3.1531	2.5601
3.1589	2.5492
3.1648	2.5384
3.1707	2.5275
3.1766	2.5167
3.1825	2.5059
3.1884	2.4951
3.1942	2.4843
3.2001	2.4735
3.206	2.4627
3.2119	2.452
3.2178	2.4412
3.2236	2.4305
3.2295	2.4198
3.2354	2.4091
3.2413	2.3984
3.2472	2.3877
3.253	2.377
3.2589	2.3664
3.2648	2.3557
3.2707	2.3451
3.2766	2.3345
3.2825	2.3239
3.2883	2.3133
3.2942	2.3028
3.3001	2.2922
3.306	2.2816
3.3119	2.2711
3.3177	2.2606
3.3236	2.2501
3.3295	2.2396
3.3354	2.2291
3.3412	2.2187
3.3471	2.2082
3.353	2.1978
3.3589	2.1874
3.3648	2.1769
3.3706	2.1666
3.3765	2.1562
3.3824	2.1458
3.3883	2.1354
3.3942	2.1251
3.4	2.1148
3.4059	2.1045
3.4118	2.0942
3.4177	2.0839
3.4235	2.0736
3.4294	2.0634
3.4353	2.0531
3.4412	2.0429
3.4471	2.0327
3.4529	2.0225
3.4588	2.0123
3.4647	2.0021
3.4706	1.992
3.4764	1.9818
3.4823	1.9717
3.4882	1.9616
3.4941	1.9515
3.5	1.9414
3.5058	1.9313
3.5117	1.9213
3.5176	1.9112
3.5235	1.9012
3.5293	1.8912
3.5352	1.8812
3.5411	1.8712
3.547	1.8612
3.5528	1.8513
3.5587	1.8414
3.5646	1.8314
3.5705	1.8215
3.5763	1.8116
3.5822	1.8018
3.5881	1.7919
3.594	1.782
3.5998	1.7722
3.6057	1.7624
3.6116	1.7526
3.6175	1.7428
3.6233	1.733
3.6292	1.7233
3.6351	1.7135
3.641	1.7038
3.6468	1.6941
3.6527	1.6844
3.6586	1.6747
3.6645	1.665
3.6703	1.6554
3.6762	1.6457
3.6821	1.6361
3.688	1.6265
3.6938	1.6169
3.6997	1.6073
3.7056	1.5978
3.7114	1.5882
3.7173	1.5787
3.7232	1.5692
3.7291	1.5597
3.7349	1.5502
3.7408	1.5407
3.7467	1.5313
3.7526	1.5219
3.7584	1.5124
3.7643	1.503
3.7702	1.4937
3.776	1.4843
3.7819	1.4749
3.7878	1.4656
3.7937	1.4563
3.7995	1.447
3.8054	1.4377
3.8113	1.4284
3.8171	1.4191
3.823	1.4099
3.8289	1.4007
3.8347	1.3915
3.8406	1.3823
3.8465	1.3731
3.8524	1.3639
3.8582	1.3548
3.8641	1.3457
3.87	1.3365
3.8758	1.3274
3.8817	1.3184
3.8876	1.3093
3.8934	1.3003
3.8993	1.2912
3.9052	1.2822
3.9111	1.2732
3.9169	1.2642
3.9228	1.2553
3.9287	1.2463
3.9345	1.2374
3.9404	1.2285
3.9463	1.2196
3.9521	1.2107
3.958	1.2018
3.9639	1.193
3.9697	1.1842
3.9756	1.1754
3.9815	1.1666
3.9873	1.1578
3.9932	1.149
3.9991	1.1403
4.0049	1.1316
4.0108	1.1228
4.0167	1.1142
4.0225	1.1055
4.0284	1.0968
4.0343	1.0882
4.0401	1.0796
4.046	1.071
4.0519	1.0624
4.0577	1.0538
4.0636	1.0452
4.0695	1.0367
4.0753	1.0282
4.0812	1.0197
4.087	1.0112
4.0929	1.0027
4.0988	0.9943
4.1046	0.9859
4.1105	0.9774
4.1164	0.9691
4.1222	0.9607
4.1281	0.9523
4.134	0.944
4.1398	0.9356
4.1457	0.9273
4.1515	0.9191
4.1574	0.9108
4.1633	0.9025
4.1691	0.8943
4.175	0.8861
4.1809	0.8779
4.1867	0.8697
4.1926	0.8615
4.1984	0.8534
4.2043	0.8453
4.2102	0.8372
4.216	0.8291
4.2219	0.821
4.2278	0.8129
4.2336	0.8049
4.2395	0.7969
4.2453	0.7889
4.2512	0.7809
4.2571	0.773
4.2629	0.765
4.2688	0.7571
4.2746	0.7492
4.2805	0.7413
4.2864	0.7334
4.2922	0.7256
4.2981	0.7178
4.3039	0.7099
4.3098	0.7022
4.3156	0.6944
4.3215	0.6866
4.3274	0.6789
4.3332	0.6712
4.3391	0.6635
4.3449	0.6558
4.3508	0.6481
4.3567	0.6405
4.3625	0.6329
4.3684	0.6253
4.3742	0.6177
4.3801	0.6101
4.3859	0.6026
4.3918	0.595
4.3976	0.5875
4.4035	0.58
4.4094	0.5726
4.4152	0.5651
4.4211	0.5577
4.4269	0.5503
4.4328	0.5429
4.4386	0.5355
4.4445	0.5282
4.4503	0.5208
4.4562	0.5135
4.4621	0.5062
4.4679	0.4989
4.4738	0.4917
4.4796	0.4844
4.4855	0.4772
4.4913	0.47
4.4972	0.4629
4.503	0.4557
4.5089	0.4486
4.5147	0.4414
4.5206	0.4343
4.5264	0.4273
4.5323	0.4202
4.5381	0.4132
4.544	0.4061
4.5498	0.3992
4.5557	0.3922
4.5615	0.3852
4.5674	0.3783
4.5732	0.3714
4.5791	0.3645
4.5849	0.3576
4.5908	0.3507
4.5966	0.3439
4.6025	0.3371
4.6083	0.3303
4.6142	0.3235
4.62	0.3167
4.6259	0.31
4.6317	0.3033
4.6376	0.2966
4.6434	0.2899
4.6493	0.2833
4.6551	0.2766
4.661	0.27
4.6668	0.2634
4.6727	0.2569
4.6785	0.2503
4.6844	0.2438
4.6902	0.2373
4.6961	0.2308
4.7019	0.2243
4.7077	0.2179
4.7136	0.2115
4.7194	0.2051
4.7253	0.1987
4.7311	0.1923
4.737	0.186
4.7428	0.1797
4.7487	0.1734
4.7545	0.1671
4.7603	0.1608
4.7662	0.1546
4.772	0.1484
4.7779	0.1422
4.7837	0.136
4.7896	0.1299
4.7954	0.1237
4.8012	0.1176
4.8071	0.1115
4.8129	0.1055
4.8188	0.0994
4.8246	0.0934
4.8304	0.0874
4.8363	0.0814
4.8421	0.0755
4.848	0.0695
4.8538	0.0636
4.8596	0.0577
4.8655	0.0519
4.8713	0.046
4.8772	0.0402
4.883	0.0344
4.8888	0.0286
4.8947	0.0228
4.9005	0.0171
4.9064	0.0114
4.9122	0.0057
4.918	0

